0 0.56875 0.6984375 0.8609375 0.6015625
0 0.6078125 0.43359375 0.0515625 0.01015625
0 0.67578125 0.409375 0.02890625 0.025
0 0.6109375 0.41015625 0.03984375 0.025
0 0.60859375 0.4453125 0.05390625 0.009375
0 0.67890625 0.44609375 0.04140625 0.0078125
0 0.6796875 0.434375 0.04140625 0.01015625
0 0.7171875 0.41484375 0.02265625 0.025
0 0.64375 0.396875 0.028125 0.0515625
0 0.72421875 0.446875 0.034375 0.0125
0 0.71953125 0.43359375 0.0265625 0.01015625
0 0.565625 0.43359375 0.01796875 0.009375
0 0.5625 0.446875 0.02265625 0.0125
0 0.65078125 0.43984375 0.01328125 0.021875
0 0.76328125 0.42265625 0.0578125 0.05859375
0 0.7328125 0.40703125 0.02578125 0.0390625
0 0.58359375 0.41484375 0.0046875 0.025
0 0.696875 0.4140625 0.00625 0.0265625