0 0.88984375 0.83359375 0.2203125 0.33125
0 0.7875 0.6890625 0.01796875 0.0421875
0 0.7875 0.66875 0.00625 0.0140625
0 0.4984375 0.8 0.503125 0.3984375
0 0.5921875 0.75859375 0.02421875 0.05546875
0 0.40546875 0.75390625 0.021875 0.06796875
0 0.559375 0.76015625 0.02734375 0.01015625
0 0.4375 0.759375 0.03125 0.0125
0 0.46015625 0.65390625 0.0984375 0.1109375
0 0.56796875 0.67109375 0.02421875 0.0609375
0 0.109375 0.84765625 0.21796875 0.303125
0 0.121875 0.7421875 0.03203125 0.03671875
0 0.08515625 0.75234375 0.01484375 0.0546875
0 0.1453125 0.753125 0.0109375 0.01015625
0 0.21015625 0.73671875 0.0140625 0.0421875
0 0.1953125 0.7578125 0.01328125 0.03359375
0 0.253125 0.75234375 0.0109375 0.0171875