0 0.87421875 0.84609375 0.25 0.30390625
0 0.70703125 0.9171875 0.08984375 0.153125
0 0.69375 0.77734375 0.084375 0.128125
0 0.6421875 0.80390625 0.0328125 0.0796875
0 0.65546875 0.88203125 0.17578125 0.23359375
0 0.5625 0.875 0.03515625 0.2484375
0 0.38359375 0.79765625 0.3734375 0.403125
0 0.434375 0.65703125 0.01796875 0.07578125
0 0.48203125 0.71953125 0.05703125 0.065625
0 0.45 0.70703125 0.04375 0.08984375
0 0.4328125 0.696875 0.021875 0.11015625
0 0.86171875 0.6890625 0.275 0.2484375
0 0.871875 0.59453125 0.0765625 0.06171875
0 0.9734375 0.6296875 0.0515625 0.06328125