0 0.5 0.7703125 0.99921875 0.45859375
0 0.3046875 0.63984375 0.00859375 0.02109375
0 0.31328125 0.6625 0.01796875 0.0671875
0 0.328125 0.65625 0.015625 0.0515625
0 0.35234375 0.6671875 0.06640625 0.06796875
0 0.3671875 0.67734375 0.05859375 0.04765625
0 0.38203125 0.696875 0.06953125 0.0515625
0 0.3875 0.70703125 0.10390625 0.05234375
0 0.3890625 0.73203125 0.10390625 0.0140625
0 0.38984375 0.7453125 0.1046875 0.015625
0 0.38984375 0.75546875 0.1046875 0.01171875
0 0.39375 0.7859375 0.09609375 0.0484375
0 0.3765625 0.79140625 0.09375 0.0609375
0 0.36875 0.80078125 0.09140625 0.06171875
0 0.35703125 0.8078125 0.096875 0.06796875
0 0.22265625 0.66953125 0.02421875 0.03125
0 0.26171875 0.71328125 0.01796875 0.021875
0 0.2203125 0.69453125 0.08359375 0.065625
0 0.20703125 0.71015625 0.07109375 0.025
0 0.21796875 0.7234375 0.10078125 0.0296875
0 0.159375 0.64296875 0.1328125 0.10625
0 0.20546875 0.753125 0.0890625 0.04140625
0 0.20234375 0.73515625 0.0765625 0.015625