0 0.5 0.815625 0.99765625 0.36484375
0 0.509375 0.890625 0.0234375 0.015625
0 0.55234375 0.8921875 0.02734375 0.0140625
0 0.553125 0.8703125 0.0296875 0.01015625
0 0.74140625 0.725 0.02890625 0.05390625
0 0.74140625 0.68515625 0.0296875 0.0109375
0 0.646875 0.82890625 0.02734375 0.0140625
0 0.68828125 0.83203125 0.0203125 0.00859375
0 0.6890625 0.81640625 0.0265625 0.01171875
0 0.75 0.7671875 0.0140625 0.01171875
0 0.6921875 0.7984375 0.02734375 0.0296875
0 0.56484375 0.8609375 0.01640625 0.01875