0 0.66328125 0.87421875 0.37421875 0.24765625
0 0.35 0.9828125 0.03046875 0.0296875
0 0.2859375 0.96875 0.08828125 0.05859375
0 0.284375 0.91875 0.01796875 0.02265625
0 0.2796875 0.9359375 0.00859375 0.01015625
0 0.2640625 0.9171875 0.0125 0.0109375
0 0.25859375 0.94453125 0.02421875 0.028125
0 0.2390625 0.95 0.01796875 0.0359375
0 0.23515625 0.9859375 0.0078125 0.02265625
0 0.24921875 0.89921875 0.040625 0.0625
0 0.2015625 0.91640625 0.04296875 0.07265625
0 0.203125 0.85234375 0.034375 0.0375
0 0.196875 0.87578125 0.03125 0.0453125
0 0.0890625 0.86015625 0.17734375 0.275
0 0.1 0.875 0.01796875 0.03984375
0 0.11015625 0.8375 0.03125 0.0484375
0 0.15546875 0.821875 0.0484375 0.053125
0 0.15546875 0.75859375 0.046875 0.08828125
0 0.1171875 0.77109375 0.0421875 0.10390625
0 0.1375 0.89140625 0.01484375 0.0515625
0 0.1234375 0.8625 0.0046875 0.00625
0 0.14140625 0.85703125 0.0203125 0.01640625
0 0.16015625 0.85078125 0.0109375 0.00546875
0 0.16953125 0.840625 0.01484375 0.0046875
0 0.19140625 0.815625 0.0140625 0.04296875