0 0.353125 0.8515625 0.07890625 0.08671875
0 0.534375 0.86953125 0.21953125 0.10234375
0 0.6484375 0.8125 0.0359375 0.03125
0 0.346875 0.54296875 0.01171875 0.01015625
0 0.31796875 0.52734375 0.0125 0.00625
0 0.346875 0.5265625 0.0109375 0.0046875
0 0.37421875 0.54140625 0.02421875 0.00859375
0 0.2109375 0.4953125 0.0140625 0.00859375
0 0.1671875 0.51328125 0.01015625 0.01640625
0 0.09375 0.4875 0.00703125 0.00234375
0 0.49921875 0.73359375 0.9984375 0.5328125
0 0.35234375 0.49921875 0.0171875 0.01875