0 0.31328125 0.68359375 0.08203125 0.084375
0 0.3453125 0.76015625 0.12421875 0.14765625
0 0.36953125 0.6765625 0.01015625 0.0125
0 0.459375 0.69375 0.13828125 0.08046875
0 0.53828125 0.6484375 0.04296875 0.0796875
0 0.4734375 0.63984375 0.08984375 0.07265625
0 0.146875 0.61015625 0.028125 0.03515625
0 0.18125 0.61875 0.02421875 0.03359375
0 0.1484375 0.65859375 0.10546875 0.1375
0 0.0578125 0.6484375 0.115625 0.153125
0 0.49921875 0.69140625 0.9984375 0.6140625
0 0.62109375 0.6046875 0.021875 0.03515625