0 0.625 0.7609375 0.23125 0.14296875
0 0.29921875 0.76328125 0.24921875 0.1453125
0 0.42421875 0.7390625 0.0046875 0.01953125
0 0.42890625 0.740625 0.00703125 0.0203125
0 0.43515625 0.7421875 0.0078125 0.01953125
0 0.44453125 0.7421875 0.0109375 0.01875
0 0.4546875 0.74296875 0.009375 0.01796875
0 0.46640625 0.74296875 0.0125 0.0171875
0 0.47890625 0.7421875 0.009375 0.01640625
0 0.4890625 0.74140625 0.01015625 0.01953125
0 0.4984375 0.74140625 0.009375 0.02109375
0 0.50546875 0.740625 0.0078125 0.02421875
0 0.51015625 0.7390625 0.00546875 0.0234375