0 0.3328125 0.82578125 0.665625 0.34609375
0 0.1 0.81796875 0.04140625 0.109375
0 0.1546875 0.8015625 0.05546875 0.11015625
0 0.18984375 0.79296875 0.00625 0.096875
0 0.21953125 0.78515625 0.0453125 0.10546875
0 0.2625 0.771875 0.03046875 0.0984375
0 0.28984375 0.7984375 0.084375 0.178125
0 0.18359375 0.89296875 0.1140625 0.10234375
0 0.2203125 0.85625 0.0421875 0.05625
0 0.85703125 0.815625 0.115625 0.09609375
0 0.7765625 0.79453125 0.0328125 0.05546875
0 0.74140625 0.78046875 0.02109375 0.0515625
0 0.96171875 0.81875 0.07421875 0.140625