0 0.0203125 0.8890625 0.03984375 0.02109375
0 0.0640625 0.89140625 0.01171875 0.034375
0 0.18515625 0.9078125 0.20546875 0.178125
0 0.06328125 0.9859375 0.0140625 0.02265625
0 0.58671875 0.9859375 0.04609375 0.02265625
0 0.5984375 0.96953125 0.01484375 0.02109375
0 0.621875 0.97578125 0.009375 0.040625
0 0.65 0.97890625 0.03046875 0.0359375
0 0.65546875 0.953125 0.03828125 0.03359375
0 0.65 0.93203125 0.0109375 0.01171875
0 0.66796875 0.9328125 0.01171875 0.03046875
0 0.7015625 0.940625 0.0203125 0.02734375
0 0.70703125 0.909375 0.028125 0.0390625
0 0.71875 0.884375 0.00546875 0.01796875
0 0.73671875 0.8890625 0.0171875 0.02421875
0 0.7578125 0.8921875 0.01015625 0.01328125
0 0.70859375 0.834375 0.00625 0.0640625
0 0.73671875 0.834375 0.01953125 0.08359375
0 0.71875 0.83515625 0.00703125 0.065625
0 0.7578125 0.83828125 0.01015625 0.0828125
0 0.6671875 0.990625 0.0171875 0.01328125
0 0.84609375 0.8296875 0.30546875 0.33515625