0 0.0921875 0.87421875 0.184375 0.25
0 0.20078125 0.92890625 0.040625 0.1390625
0 0.27578125 0.94609375 0.11015625 0.10546875
0 0.34453125 0.98203125 0.0078125 0.03359375
0 0.359375 0.96015625 0.0140625 0.07734375
0 0.41953125 0.94453125 0.090625 0.10859375
0 0.465625 0.9390625 0.009375 0.09140625
0 0.5640625 0.89296875 0.1375 0.2125
0 0.6609375 0.95625 0.0453125 0.053125
0 0.6578125 0.85703125 0.02578125 0.05625
0 0.73203125 0.96953125 0.07265625 0.05859375
0 0.7125 0.86171875 0.01796875 0.01171875
0 0.9734375 0.95390625 0.0515625 0.090625
0 0.8828125 0.9796875 0.1046875 0.03828125
0 0.36796875 0.78359375 0.07734375 0.07734375
0 0.4875 0.81640625 0.01875 0.0671875
0 0.4546875 0.81171875 0.02265625 0.0640625
0 0.434375 0.80859375 0.02578125 0.06171875
0 0.31015625 0.78125 0.02421875 0.0328125