0 0.45 0.8984375 0.74453125 0.2
0 0.803125 0.915625 0.046875 0.11640625
0 0.8765625 0.9421875 0.021875 0.07421875
0 0.85 0.9328125 0.0390625 0.0734375
0 0.83671875 0.89609375 0.02734375 0.08359375
0 0.82265625 0.896875 0.00703125 0.07734375
0 0.9671875 0.87734375 0.01953125 0.04453125
0 0.9296875 0.86484375 0.05078125 0.04609375
0 0.94921875 0.9609375 0.0578125 0.07578125
0 0.93984375 0.94453125 0.03828125 0.0390625
0 0.90859375 0.92578125 0.015625 0.0171875
0 0.90234375 0.9578125 0.01328125 0.0828125
0 0.859375 0.95625 0.0734375 0.0859375