0 0.77109375 0.7734375 0.45703125 0.2390625
0 0.284375 0.7765625 0.478125 0.36328125
0 0.471875 0.77265625 0.01953125 0.08046875
0 0.44375 0.7953125 0.04375 0.1359375
0 0.3234375 0.6703125 0.0125 0.05703125
0 0.3359375 0.675 0.01875 0.059375
0 0.34140625 0.67109375 0.01328125 0.06171875
0 0.39140625 0.65078125 0.059375 0.08359375
0 0.41484375 0.6515625 0.02578125 0.07265625
0 0.4234375 0.65234375 0.0375 0.0703125
0 0.44765625 0.6484375 0.00859375 0.0578125
0 0.4515625 0.63203125 0.00546875 0.02421875
0 0.4765625 0.64453125 0.0359375 0.05859375
0 0.4875 0.634375 0.0140625 0.046875
0 0.5203125 0.6875 0.03125 0.01953125
0 0.53125 0.60625 0.04765625 0.04296875
0 0.52109375 0.6484375 0.02734375 0.0234375