0 0.2375 0.715625 0.0171875 0.04921875
0 0.25 0.71015625 0.0078125 0.0109375
0 0.24609375 0.7453125 0.03125 0.065625
0 0.26875 0.759375 0.0078125 0.02578125
0 0.25703125 0.7640625 0.02109375 0.0703125
0 0.265625 0.8140625 0.0390625 0.09140625
0 0.2953125 0.88359375 0.05078125 0.11796875
0 0.31796875 0.834375 0.02109375 0.03125
0 0.3359375 0.8296875 0.0046875 0.0171875
0 0.32421875 0.8203125 0.00546875 0.0109375
0 0.34609375 0.8609375 0.02734375 0.0546875
0 0.34921875 0.89609375 0.02265625 0.046875
0 0.3671875 0.89375 0.0078125 0.02734375
0 0.38515625 0.93515625 0.03671875 0.065625
0 0.33515625 0.9375 0.04140625 0.12109375
0 0.146875 0.778125 0.29375 0.4375
0 0.2875 0.93125 0.07265625 0.13359375
0 0.36796875 0.96640625 0.07890625 0.0640625
0 0.76328125 0.8640625 0.47109375 0.26875